22.9

22.37

22.92

22.92

21.80

22.92

21.80

22.92

22.92

21.80

23.46

22.37

23.46

23.46

22.92

24.00

22.92

24.52

24.52

24.52

25.55

25.04

26.04

27.02

26.04

27.96

26.53

28.87

28.87

28.87

30.20

30.20

30.62

31.47

31.47

32.69

32.69

33.86

34.63

35.00

35.74

36.10

37.17

37.86

38.20

39.53

39.53

40.82

41.14

42.06

42.97

42.97

44.43

44.72

45.85

46.67

46.94

48.27

48.53

49.56

50.56

50.81

52.03

52.03

53.44

54.37

54.59

55.72

56.16

57.25

58.10

58.52

59.56

60.18

61.39

62.18

62.57

63.54

64.11

65.06

65.80

66.36

67.45

67.99

68.88

69.58

70.28

71.15

71.66

72.51

73.35

74.01

74.84

75.33

76.30

77.11

77.58

78.54

79.01

79.79

80.73

81.19

81.96

82.57

83.48

84.24

84.69

85.59

86.03

86.92

87.66

88.25

88.99

89.43

90.30

90.88

91.61

92.48

92.91

93.63

94.21

95.07

95.79

96.22

97.07

97.50

98.36

98.93

99.50

100.22

100.79

101.36

102.22

102.64

103.07

103.93

104.65

105.08

105.79

106.37

106.94

107.52

108.24

108.68

109.26

109.98

110.42

111.15

111.73

112.17

112.91

113.50

113.94

114.68

115.28

115.58

116.32

116.92

117.22

117.98

118.44

118.89

119.50

120.12

120.42

121.19

121.66

121.97

122.60

123.22

123.54

124.01

124.81

125.12

125.60

126.25

126.57

127.22

127.87

128.37

128.69

129.36

129.86

130.02

130.69

131.20

131.54

132.05

132.56

132.90

133.60

134.12

134.29

134.99

135.34

135.70

136.23

136.77

136.95

137.67

138.03

138.40

138.77

139.32

139.50

140.06

140.62

140.81

141.38

141.95

142.14

142.71

143.29

143.68

143.88

144.47

144.86

145.26

145.86

146.26

146.46

147.07

147.48

147.69

148.31

148.72

148.93

149.56

150.19

150.19

150.84

151.27

151.48

152.13

152.57

152.79

153.23

153.68

153.90

154.35

154.81

155.03

155.49

155.95

156.18

156.64

156.88

157.11

157.82

158.06

158.30

159.02

159.26

159.50

159.74

160.23

160.48

160.73

161.48

161.48

161.73

162.49

162.74

162.74

163.25

163.77

163.77

164.29

164.82

164.82

165.35

165.61

165.88

166.42

166.69

166.96

167.51

167.78

168.06

168.62

168.90

168.90

169.46

169.75

169.75

170.61

170.61

170.90

170.90

171.48

171.78

172.07

172.37

172.37

172.66

173.26

173.57

173.57

174.18

174.18

174.48

175.10

175.10

175.41

175.73

176.04

176.04

176.67

176.67

176.67

177.32

177.64

177.64

177.96

178.29

178.29

178.95

178.95

179.28

179.61

179.95

179.95

180.29

180.63

180.63

180.97

181.31

181.31

182.00

182.00

182.00

182.70

182.70

183.06

183.41

183.77

183.77

184.13

184.49

184.49

184.85

185.22

185.22

185.59

185.96

185.96

186.33

186.71

186.71

187.47

187.47

187.47

187.85

187.85

188.24

188.24

188.62

188.62

189.01

189.41

189.41

189.80

190.20

189.80

190.20

191.01

191.01

191.01

191.41

191.41

191.41

192.23

192.23

192.23

192.65

193.07

193.07

193.49

193.49

193.49

193.91

194.34

194.34

194.77

194.77

194.77

195.20

195.64

195.64

196.08

196.08

196.08

196.52

196.52

196.52

196.97

196.97

197.42

197.87

197.87

197.87

197.87

198.33

197.87

198.33

198.79

198.79

199.26

199.26

199.72

199.72

200.20

200.20

200.20

200.67

200.67

200.67

201.15

201.15

201.15

201.64

201.64

201.64

202.12

202.12

202.12

202.62

202.62

202.62

203.11

203.11

203.11

204.12

203.61

203.61

203.61

204.12

204.12

204.63

204.63

205.14

205.14

205.14

205.66

205.14

205.66

206.18

206.18

206.71

206.71

206.71

206.71

207.24

207.24

207.24

207.24

207.24

207.78

207.78

207.78

208.87

208.32

208.32

208.87

208.87

208.87

208.87

209.42

208.87

209.42

209.98

209.98

209.98

210.54

210.54

210.54

210.54

211.11

211.11

211.11

211.68

211.11

211.68

211.68

211.68

212.26

212.26

211.68

212.85

212.85

212.85

212.85

213.44

212.85

213.44

213.44

213.44

214.04

214.04

214.04

214.04

214.04

214.04

214.64

214.64

214.64

215.25

215.25

215.25

215.87

215.87

215.87

215.87

215.87

215.87

216.49

216.49

216.49

216.49

216.49

216.49

217.12

217.12

217.12

217.76

217.76

217.12

218.41

217.76

217.76

217.76

218.41

217.76

218.41

218.41

217.76

218.41

219.06

217.76

219.06

219.06

219.72

219.06

219.72

219.72

219.72

219.72

220.38

219.72

220.38

220.38

219.72

220.38

220.38

220.38

221.05

221.05

220.38

221.05

221.05

221.05

221.05

221.74

221.05

221.74

221.74

221.74

221.74

222.43

221.74

222.43

222.43

222.43

222.43

222.43

222.43

223.12

223.12

222.43

223.12

223.12

222.43

223.12

223.12

223.12

223.83

223.83

223.83

224.54

223.12

223.83

223.83

224.54

223.83

224.54

224.54

223.83

225.27

224.54

223.83

224.54

224.54

